{
  "accuracy": {
    "score": 0.6052631578947368,
    "std": 0.07923047774902288,
    "ci_low": 0.4473684210526316,
    "ci_high": 0.7631578947368421
  },
  "f1": {
    "score": 0.6052631578947368,
    "std": 0.07923047774902288,
    "ci_low": 0.4473684210526316,
    "ci_high": 0.7631578947368421
  },
  "precision": {
    "score": 0.6052631578947368,
    "std": 0.07923047774902288,
    "ci_low": 0.4473684210526316,
    "ci_high": 0.7631578947368421
  },
  "recall": {
    "score": 0.6052631578947368,
    "std": 0.07923047774902288,
    "ci_low": 0.4473684210526316,
    "ci_high": 0.7631578947368421
  }
}