{
  "accuracy": {
    "score": 0.5,
    "std": 0.08036113616565314,
    "ci_low": 0.34210526315789475,
    "ci_high": 0.6578947368421053
  },
  "f1": {
    "score": 0.5,
    "std": 0.08036113616565314,
    "ci_low": 0.34210526315789475,
    "ci_high": 0.6578947368421053
  },
  "precision": {
    "score": 0.5,
    "std": 0.08036113616565314,
    "ci_low": 0.34210526315789475,
    "ci_high": 0.6578947368421053
  },
  "recall": {
    "score": 0.5,
    "std": 0.08036113616565314,
    "ci_low": 0.34210526315789475,
    "ci_high": 0.6578947368421053
  }
}