{
  "accuracy": {
    "score": 0.5205479452054794,
    "std": 0.05793149783691052,
    "ci_low": 0.410958904109589,
    "ci_high": 0.6301369863013698
  },
  "f1": {
    "score": 0.5241379310344828,
    "std": 0.05797707604930773,
    "ci_low": 0.410958904109589,
    "ci_high": 0.6344827586206897
  },
  "precision": {
    "score": 0.5277777777777778,
    "std": 0.058250289406905936,
    "ci_low": 0.410958904109589,
    "ci_high": 0.6388888888888888
  },
  "recall": {
    "score": 0.5205479452054794,
    "std": 0.05793149783691052,
    "ci_low": 0.410958904109589,
    "ci_high": 0.6301369863013698
  }
}