{
  "accuracy": {
    "score": 0.5753424657534246,
    "std": 0.05809407987663047,
    "ci_low": 0.4520547945205479,
    "ci_high": 0.684931506849315
  },
  "f1": {
    "score": 0.5793103448275863,
    "std": 0.05810266158332628,
    "ci_low": 0.4583333333333333,
    "ci_high": 0.690838429317174
  },
  "precision": {
    "score": 0.5833333333333334,
    "std": 0.05836019824760669,
    "ci_low": 0.4647887323943662,
    "ci_high": 0.6980218619791649
  },
  "recall": {
    "score": 0.5753424657534246,
    "std": 0.05809407987663047,
    "ci_low": 0.4520547945205479,
    "ci_high": 0.684931506849315
  }
}