{
  "accuracy": {
    "score": 0.6712328767123288,
    "std": 0.05408699627774623,
    "ci_low": 0.547945205479452,
    "ci_high": 0.7671232876712328
  },
  "f1": {
    "score": 0.6712328767123288,
    "std": 0.05408699627774623,
    "ci_low": 0.547945205479452,
    "ci_high": 0.7671232876712328
  },
  "precision": {
    "score": 0.6712328767123288,
    "std": 0.05408699627774623,
    "ci_low": 0.547945205479452,
    "ci_high": 0.7671232876712328
  },
  "recall": {
    "score": 0.6712328767123288,
    "std": 0.05408699627774623,
    "ci_low": 0.547945205479452,
    "ci_high": 0.7671232876712328
  }
}