{
  "accuracy": {
    "score": 0.6052631578947368,
    "std": 0.08018418549393838,
    "ci_low": 0.42105263157894735,
    "ci_high": 0.7615459644080327
  },
  "f1": {
    "score": 0.6052631578947368,
    "std": 0.08018418549393838,
    "ci_low": 0.42105263157894735,
    "ci_high": 0.7615459644080327
  },
  "precision": {
    "score": 0.6052631578947368,
    "std": 0.08018418549393838,
    "ci_low": 0.42105263157894735,
    "ci_high": 0.7615459644080327
  },
  "recall": {
    "score": 0.6052631578947368,
    "std": 0.08018418549393838,
    "ci_low": 0.42105263157894735,
    "ci_high": 0.7615459644080327
  }
}