{
  "accuracy": {
    "score": 0.5428571428571428,
    "std": 0.08233433188842693,
    "ci_low": 0.37142857142857144,
    "ci_high": 0.6857142857142857
  },
  "f1": {
    "score": 0.5507246376811594,
    "std": 0.08286456116997269,
    "ci_low": 0.38235294117647056,
    "ci_high": 0.6956521739130435
  },
  "precision": {
    "score": 0.5588235294117647,
    "std": 0.08425053548412374,
    "ci_low": 0.38630476815960496,
    "ci_high": 0.7058823529411765
  },
  "recall": {
    "score": 0.5428571428571428,
    "std": 0.08233433188842693,
    "ci_low": 0.37142857142857144,
    "ci_high": 0.6857142857142857
  }
}