{
  "accuracy": {
    "score": 0.47368421052631576,
    "std": 0.0796653337529384,
    "ci_low": 0.3157894736842105,
    "ci_high": 0.6052631578947368
  },
  "f1": {
    "score": 0.47368421052631576,
    "std": 0.0796653337529384,
    "ci_low": 0.3157894736842105,
    "ci_high": 0.6052631578947368
  },
  "precision": {
    "score": 0.47368421052631576,
    "std": 0.0796653337529384,
    "ci_low": 0.3157894736842105,
    "ci_high": 0.6052631578947368
  },
  "recall": {
    "score": 0.47368421052631576,
    "std": 0.0796653337529384,
    "ci_low": 0.3157894736842105,
    "ci_high": 0.6052631578947368
  }
}