{
  "accuracy": {
    "score": 0.4794520547945205,
    "std": 0.0568355969406511,
    "ci_low": 0.3698630136986301,
    "ci_high": 0.589041095890411
  },
  "f1": {
    "score": 0.4794520547945205,
    "std": 0.0568355969406511,
    "ci_low": 0.3698630136986301,
    "ci_high": 0.589041095890411
  },
  "precision": {
    "score": 0.4794520547945205,
    "std": 0.0568355969406511,
    "ci_low": 0.3698630136986301,
    "ci_high": 0.589041095890411
  },
  "recall": {
    "score": 0.4794520547945205,
    "std": 0.0568355969406511,
    "ci_low": 0.3698630136986301,
    "ci_high": 0.589041095890411
  }
}