{
  "accuracy": {
    "score": 0.7428571428571429,
    "std": 0.07456743487045459,
    "ci_low": 0.5714285714285714,
    "ci_high": 0.8571428571428571
  },
  "f1": {
    "score": 0.7428571428571429,
    "std": 0.07456743487045459,
    "ci_low": 0.5714285714285714,
    "ci_high": 0.8571428571428571
  },
  "precision": {
    "score": 0.7428571428571429,
    "std": 0.07456743487045459,
    "ci_low": 0.5714285714285714,
    "ci_high": 0.8571428571428571
  },
  "recall": {
    "score": 0.7428571428571429,
    "std": 0.07456743487045459,
    "ci_low": 0.5714285714285714,
    "ci_high": 0.8571428571428571
  }
}