{
  "accuracy": {
    "score": 0.4857142857142857,
    "std": 0.0833449106378504,
    "ci_low": 0.34285714285714286,
    "ci_high": 0.6571428571428571
  },
  "f1": {
    "score": 0.4857142857142857,
    "std": 0.0833449106378504,
    "ci_low": 0.34285714285714286,
    "ci_high": 0.6571428571428571
  },
  "precision": {
    "score": 0.4857142857142857,
    "std": 0.0833449106378504,
    "ci_low": 0.34285714285714286,
    "ci_high": 0.6571428571428571
  },
  "recall": {
    "score": 0.4857142857142857,
    "std": 0.0833449106378504,
    "ci_low": 0.34285714285714286,
    "ci_high": 0.6571428571428571
  }
}