{
  "accuracy": {
    "score": 0.5428571428571428,
    "std": 0.0838351819076012,
    "ci_low": 0.39442911919150614,
    "ci_high": 0.7142857142857143
  },
  "f1": {
    "score": 0.5507246376811594,
    "std": 0.08414514008152067,
    "ci_low": 0.4014194855342122,
    "ci_high": 0.7246376811594203
  },
  "precision": {
    "score": 0.5588235294117647,
    "std": 0.08525345349798519,
    "ci_low": 0.4,
    "ci_high": 0.7352941176470589
  },
  "recall": {
    "score": 0.5428571428571428,
    "std": 0.0838351819076012,
    "ci_low": 0.39442911919150614,
    "ci_high": 0.7142857142857143
  }
}