{
  "accuracy": {
    "score": 0.9178082191780822,
    "std": 0.03137124948650951,
    "ci_low": 0.8356164383561644,
    "ci_high": 0.958904109589041
  },
  "f1": {
    "score": 0.9178082191780822,
    "std": 0.03137124948650951,
    "ci_low": 0.8356164383561644,
    "ci_high": 0.958904109589041
  },
  "precision": {
    "score": 0.9178082191780822,
    "std": 0.03137124948650951,
    "ci_low": 0.8356164383561644,
    "ci_high": 0.958904109589041
  },
  "recall": {
    "score": 0.9178082191780822,
    "std": 0.03137124948650951,
    "ci_low": 0.8356164383561644,
    "ci_high": 0.958904109589041
  }
}