{
  "accuracy": {
    "score": 0.868421052631579,
    "std": 0.05451617709277998,
    "ci_low": 0.7368421052631579,
    "ci_high": 0.9473684210526315
  },
  "f1": {
    "score": 0.868421052631579,
    "std": 0.05451617709277998,
    "ci_low": 0.7368421052631579,
    "ci_high": 0.9473684210526315
  },
  "precision": {
    "score": 0.868421052631579,
    "std": 0.05451617709277998,
    "ci_low": 0.7368421052631579,
    "ci_high": 0.9473684210526315
  },
  "recall": {
    "score": 0.868421052631579,
    "std": 0.05451617709277998,
    "ci_low": 0.7368421052631579,
    "ci_high": 0.9473684210526315
  }
}