{
  "accuracy": {
    "score": 0.8947368421052632,
    "std": 0.05020152019912776,
    "ci_low": 0.7631578947368421,
    "ci_high": 0.9736842105263158
  },
  "f1": {
    "score": 0.8947368421052632,
    "std": 0.05020152019912776,
    "ci_low": 0.7631578947368421,
    "ci_high": 0.9736842105263158
  },
  "precision": {
    "score": 0.8947368421052632,
    "std": 0.05020152019912776,
    "ci_low": 0.7631578947368421,
    "ci_high": 0.9736842105263158
  },
  "recall": {
    "score": 0.8947368421052632,
    "std": 0.05020152019912776,
    "ci_low": 0.7631578947368421,
    "ci_high": 0.9736842105263158
  }
}