{
  "accuracy": {
    "score": 0.8421052631578947,
    "std": 0.05858366933062675,
    "ci_low": 0.6842105263157895,
    "ci_high": 0.9473684210526315
  },
  "f1": {
    "score": 0.8421052631578947,
    "std": 0.05858366933062675,
    "ci_low": 0.6842105263157895,
    "ci_high": 0.9473684210526315
  },
  "precision": {
    "score": 0.8421052631578947,
    "std": 0.05858366933062675,
    "ci_low": 0.6842105263157895,
    "ci_high": 0.9473684210526315
  },
  "recall": {
    "score": 0.8421052631578947,
    "std": 0.05858366933062675,
    "ci_low": 0.6842105263157895,
    "ci_high": 0.9473684210526315
  }
}