{
  "accuracy": {
    "score": 0.8767123287671232,
    "std": 0.03694912223525706,
    "ci_low": 0.7808219178082192,
    "ci_high": 0.9315068493150684
  },
  "f1": {
    "score": 0.8767123287671232,
    "std": 0.03694912223525706,
    "ci_low": 0.7808219178082192,
    "ci_high": 0.9315068493150684
  },
  "precision": {
    "score": 0.8767123287671232,
    "std": 0.03694912223525706,
    "ci_low": 0.7808219178082192,
    "ci_high": 0.9315068493150684
  },
  "recall": {
    "score": 0.8767123287671232,
    "std": 0.03694912223525706,
    "ci_low": 0.7808219178082192,
    "ci_high": 0.9315068493150684
  }
}