{
  "accuracy": {
    "score": 0.821917808219178,
    "std": 0.043682952913778245,
    "ci_low": 0.7200411625896345,
    "ci_high": 0.8904109589041096
  },
  "f1": {
    "score": 0.821917808219178,
    "std": 0.043682952913778245,
    "ci_low": 0.7200411625896345,
    "ci_high": 0.8904109589041096
  },
  "precision": {
    "score": 0.821917808219178,
    "std": 0.043682952913778245,
    "ci_low": 0.7200411625896345,
    "ci_high": 0.8904109589041096
  },
  "recall": {
    "score": 0.821917808219178,
    "std": 0.043682952913778245,
    "ci_low": 0.7200411625896345,
    "ci_high": 0.8904109589041096
  }
}