{
  "accuracy": {
    "score": 0.9041095890410958,
    "std": 0.03363119269442883,
    "ci_low": 0.821917808219178,
    "ci_high": 0.958904109589041
  },
  "f1": {
    "score": 0.9041095890410958,
    "std": 0.03363119269442883,
    "ci_low": 0.821917808219178,
    "ci_high": 0.958904109589041
  },
  "precision": {
    "score": 0.9041095890410958,
    "std": 0.03363119269442883,
    "ci_low": 0.821917808219178,
    "ci_high": 0.958904109589041
  },
  "recall": {
    "score": 0.9041095890410958,
    "std": 0.03363119269442883,
    "ci_low": 0.821917808219178,
    "ci_high": 0.958904109589041
  }
}