{
  "accuracy": {
    "score": 0.8857142857142857,
    "std": 0.053479727989169785,
    "ci_low": 0.7428571428571429,
    "ci_high": 0.9714285714285714
  },
  "f1": {
    "score": 0.8857142857142857,
    "std": 0.053479727989169785,
    "ci_low": 0.7428571428571429,
    "ci_high": 0.9714285714285714
  },
  "precision": {
    "score": 0.8857142857142857,
    "std": 0.053479727989169785,
    "ci_low": 0.7428571428571429,
    "ci_high": 0.9714285714285714
  },
  "recall": {
    "score": 0.8857142857142857,
    "std": 0.053479727989169785,
    "ci_low": 0.7428571428571429,
    "ci_high": 0.9714285714285714
  }
}