{
  "accuracy": {
    "score": 0.9142857142857143,
    "std": 0.048465442360354216,
    "ci_low": 0.752065490458767,
    "ci_high": 0.9714285714285714
  },
  "f1": {
    "score": 0.9142857142857143,
    "std": 0.048465442360354216,
    "ci_low": 0.752065490458767,
    "ci_high": 0.9714285714285714
  },
  "precision": {
    "score": 0.9142857142857143,
    "std": 0.048465442360354216,
    "ci_low": 0.752065490458767,
    "ci_high": 0.9714285714285714
  },
  "recall": {
    "score": 0.9142857142857143,
    "std": 0.048465442360354216,
    "ci_low": 0.752065490458767,
    "ci_high": 0.9714285714285714
  }
}