{
  "accuracy": {
    "score": 0.7671232876712328,
    "std": 0.04975201154130938,
    "ci_low": 0.6575342465753424,
    "ci_high": 0.8600244880929071
  },
  "f1": {
    "score": 0.7671232876712328,
    "std": 0.04975201154130938,
    "ci_low": 0.6575342465753424,
    "ci_high": 0.8600244880929071
  },
  "precision": {
    "score": 0.7671232876712328,
    "std": 0.04975201154130938,
    "ci_low": 0.6575342465753424,
    "ci_high": 0.8600244880929071
  },
  "recall": {
    "score": 0.7671232876712328,
    "std": 0.04975201154130938,
    "ci_low": 0.6575342465753424,
    "ci_high": 0.8600244880929071
  }
}