{
  "accuracy": {
    "score": 0.8285714285714286,
    "std": 0.06337011024855273,
    "ci_low": 0.6571428571428571,
    "ci_high": 0.9142857142857143
  },
  "f1": {
    "score": 0.8285714285714286,
    "std": 0.06337011024855273,
    "ci_low": 0.6571428571428571,
    "ci_high": 0.9142857142857143
  },
  "precision": {
    "score": 0.8285714285714286,
    "std": 0.06337011024855273,
    "ci_low": 0.6571428571428571,
    "ci_high": 0.9142857142857143
  },
  "recall": {
    "score": 0.8285714285714286,
    "std": 0.06337011024855273,
    "ci_low": 0.6571428571428571,
    "ci_high": 0.9142857142857143
  }
}