{
  "accuracy": {
    "score": 0.7105263157894737,
    "std": 0.07551805886966766,
    "ci_low": 0.5526315789473685,
    "ci_high": 0.8421052631578947
  },
  "f1": {
    "score": 0.7105263157894737,
    "std": 0.07551805886966766,
    "ci_low": 0.5526315789473685,
    "ci_high": 0.8421052631578947
  },
  "precision": {
    "score": 0.7105263157894737,
    "std": 0.07551805886966766,
    "ci_low": 0.5526315789473685,
    "ci_high": 0.8421052631578947
  },
  "recall": {
    "score": 0.7105263157894737,
    "std": 0.07551805886966766,
    "ci_low": 0.5526315789473685,
    "ci_high": 0.8421052631578947
  }
}