{
  "accuracy": {
    "score": 0.868421052631579,
    "std": 0.05561381321506414,
    "ci_low": 0.7316135107387399,
    "ci_high": 0.9473684210526315
  },
  "f1": {
    "score": 0.868421052631579,
    "std": 0.05561381321506414,
    "ci_low": 0.7316135107387399,
    "ci_high": 0.9473684210526315
  },
  "precision": {
    "score": 0.868421052631579,
    "std": 0.05561381321506414,
    "ci_low": 0.7316135107387399,
    "ci_high": 0.9473684210526315
  },
  "recall": {
    "score": 0.868421052631579,
    "std": 0.05561381321506414,
    "ci_low": 0.7316135107387399,
    "ci_high": 0.9473684210526315
  }
}