{
  "accuracy": {
    "score": 0.8857142857142857,
    "std": 0.05421589284062278,
    "ci_low": 0.7142857142857143,
    "ci_high": 0.9714285714285714
  },
  "f1": {
    "score": 0.8857142857142857,
    "std": 0.05421589284062278,
    "ci_low": 0.7142857142857143,
    "ci_high": 0.9714285714285714
  },
  "precision": {
    "score": 0.8857142857142857,
    "std": 0.05421589284062278,
    "ci_low": 0.7142857142857143,
    "ci_high": 0.9714285714285714
  },
  "recall": {
    "score": 0.8857142857142857,
    "std": 0.05421589284062278,
    "ci_low": 0.7142857142857143,
    "ci_high": 0.9714285714285714
  }
}