{
  "accuracy": {
    "score": 0.8767123287671232,
    "std": 0.03734214904023008,
    "ci_low": 0.7808219178082192,
    "ci_high": 0.9452054794520548
  },
  "f1": {
    "score": 0.8767123287671232,
    "std": 0.03734214904023008,
    "ci_low": 0.7808219178082192,
    "ci_high": 0.9452054794520548
  },
  "precision": {
    "score": 0.8767123287671232,
    "std": 0.03734214904023008,
    "ci_low": 0.7808219178082192,
    "ci_high": 0.9452054794520548
  },
  "recall": {
    "score": 0.8767123287671232,
    "std": 0.03734214904023008,
    "ci_low": 0.7808219178082192,
    "ci_high": 0.9452054794520548
  }
}