{
  "accuracy": {
    "score": 0.6842105263157895,
    "std": 0.07582443022908794,
    "ci_low": 0.5,
    "ci_high": 0.8157894736842105
  },
  "f1": {
    "score": 0.6842105263157895,
    "std": 0.07582443022908794,
    "ci_low": 0.5,
    "ci_high": 0.8157894736842105
  },
  "precision": {
    "score": 0.6842105263157895,
    "std": 0.07582443022908794,
    "ci_low": 0.5,
    "ci_high": 0.8157894736842105
  },
  "recall": {
    "score": 0.6842105263157895,
    "std": 0.07582443022908794,
    "ci_low": 0.5,
    "ci_high": 0.8157894736842105
  }
}