{
  "accuracy": {
    "score": 0.8356164383561644,
    "std": 0.04246301307941157,
    "ci_low": 0.7397260273972602,
    "ci_high": 0.9041095890410958
  },
  "f1": {
    "score": 0.8356164383561644,
    "std": 0.04246301307941157,
    "ci_low": 0.7397260273972602,
    "ci_high": 0.9041095890410958
  },
  "precision": {
    "score": 0.8356164383561644,
    "std": 0.04246301307941157,
    "ci_low": 0.7397260273972602,
    "ci_high": 0.9041095890410958
  },
  "recall": {
    "score": 0.8356164383561644,
    "std": 0.04246301307941157,
    "ci_low": 0.7397260273972602,
    "ci_high": 0.9041095890410958
  }
}