{
  "accuracy": {
    "score": 0.8157894736842105,
    "std": 0.06244477705305814,
    "ci_low": 0.6578947368421053,
    "ci_high": 0.9210526315789473
  },
  "f1": {
    "score": 0.8157894736842105,
    "std": 0.06244477705305814,
    "ci_low": 0.6578947368421053,
    "ci_high": 0.9210526315789473
  },
  "precision": {
    "score": 0.8157894736842105,
    "std": 0.06244477705305814,
    "ci_low": 0.6578947368421053,
    "ci_high": 0.9210526315789473
  },
  "recall": {
    "score": 0.8157894736842105,
    "std": 0.06244477705305814,
    "ci_low": 0.6578947368421053,
    "ci_high": 0.9210526315789473
  }
}