{
  "accuracy": {
    "score": 0.821917808219178,
    "std": 0.04450130114920781,
    "ci_low": 0.7123287671232876,
    "ci_high": 0.8904109589041096
  },
  "f1": {
    "score": 0.821917808219178,
    "std": 0.04450130114920781,
    "ci_low": 0.7123287671232876,
    "ci_high": 0.8904109589041096
  },
  "precision": {
    "score": 0.821917808219178,
    "std": 0.04450130114920781,
    "ci_low": 0.7123287671232876,
    "ci_high": 0.8904109589041096
  },
  "recall": {
    "score": 0.821917808219178,
    "std": 0.04450130114920781,
    "ci_low": 0.7123287671232876,
    "ci_high": 0.8904109589041096
  }
}