{
  "accuracy": {
    "score": 0.8571428571428571,
    "std": 0.059266412154359946,
    "ci_low": 0.6912596287275656,
    "ci_high": 0.9428571428571428
  },
  "f1": {
    "score": 0.8695652173913043,
    "std": 0.055969216174085144,
    "ci_low": 0.7056359840654798,
    "ci_high": 0.9428571428571428
  },
  "precision": {
    "score": 0.8823529411764706,
    "std": 0.054927517675786845,
    "ci_low": 0.7058823529411765,
    "ci_high": 0.9428571428571428
  },
  "recall": {
    "score": 0.8571428571428571,
    "std": 0.059266412154359946,
    "ci_low": 0.6912596287275656,
    "ci_high": 0.9428571428571428
  }
}