{
  "accuracy": {
    "score": 0.7894736842105263,
    "std": 0.06652413681769118,
    "ci_low": 0.631578947368421,
    "ci_high": 0.8947368421052632
  },
  "f1": {
    "score": 0.7894736842105263,
    "std": 0.06652413681769118,
    "ci_low": 0.631578947368421,
    "ci_high": 0.8947368421052632
  },
  "precision": {
    "score": 0.7894736842105263,
    "std": 0.06652413681769118,
    "ci_low": 0.631578947368421,
    "ci_high": 0.8947368421052632
  },
  "recall": {
    "score": 0.7894736842105263,
    "std": 0.06652413681769118,
    "ci_low": 0.631578947368421,
    "ci_high": 0.8947368421052632
  }
}