{
  "accuracy": {
    "score": 0.8082191780821918,
    "std": 0.045106821605200936,
    "ci_low": 0.7123287671232876,
    "ci_high": 0.8767123287671232
  },
  "f1": {
    "score": 0.8082191780821918,
    "std": 0.045106821605200936,
    "ci_low": 0.7123287671232876,
    "ci_high": 0.8767123287671232
  },
  "precision": {
    "score": 0.8082191780821918,
    "std": 0.045106821605200936,
    "ci_low": 0.7123287671232876,
    "ci_high": 0.8767123287671232
  },
  "recall": {
    "score": 0.8082191780821918,
    "std": 0.045106821605200936,
    "ci_low": 0.7123287671232876,
    "ci_high": 0.8767123287671232
  }
}