{
  "accuracy": {
    "score": 0.7671232876712328,
    "std": 0.04842806169271659,
    "ci_low": 0.6575342465753424,
    "ci_high": 0.8493150684931506
  },
  "f1": {
    "score": 0.7724137931034483,
    "std": 0.04804069690101418,
    "ci_low": 0.6620689655172414,
    "ci_high": 0.8518854514256138
  },
  "precision": {
    "score": 0.7777777777777778,
    "std": 0.04824350461648201,
    "ci_low": 0.6666666666666666,
    "ci_high": 0.8529064006537956
  },
  "recall": {
    "score": 0.7671232876712328,
    "std": 0.04842806169271659,
    "ci_low": 0.6575342465753424,
    "ci_high": 0.8493150684931506
  }
}