{
  "accuracy": {
    "score": 0.7631578947368421,
    "std": 0.07104017163383093,
    "ci_low": 0.6052631578947368,
    "ci_high": 0.8947368421052632
  },
  "f1": {
    "score": 0.7631578947368421,
    "std": 0.07104017163383093,
    "ci_low": 0.6052631578947368,
    "ci_high": 0.8947368421052632
  },
  "precision": {
    "score": 0.7631578947368421,
    "std": 0.07104017163383093,
    "ci_low": 0.6052631578947368,
    "ci_high": 0.8947368421052632
  },
  "recall": {
    "score": 0.7631578947368421,
    "std": 0.07104017163383093,
    "ci_low": 0.6052631578947368,
    "ci_high": 0.8947368421052632
  }
}