{
  "accuracy": {
    "score": 0.7671232876712328,
    "std": 0.04792299809503482,
    "ci_low": 0.6575342465753424,
    "ci_high": 0.8493150684931506
  },
  "f1": {
    "score": 0.7777777777777778,
    "std": 0.047140541771287424,
    "ci_low": 0.66979743875845,
    "ci_high": 0.8611111111111112
  },
  "precision": {
    "score": 0.7887323943661971,
    "std": 0.047452126227493424,
    "ci_low": 0.6774881548162267,
    "ci_high": 0.8714285714285714
  },
  "recall": {
    "score": 0.7671232876712328,
    "std": 0.04792299809503482,
    "ci_low": 0.6575342465753424,
    "ci_high": 0.8493150684931506
  }
}