{
  "accuracy": {
    "score": 0.821917808219178,
    "std": 0.0437619878858048,
    "ci_low": 0.726027397260274,
    "ci_high": 0.8904109589041096
  },
  "f1": {
    "score": 0.821917808219178,
    "std": 0.0437619878858048,
    "ci_low": 0.726027397260274,
    "ci_high": 0.8904109589041096
  },
  "precision": {
    "score": 0.821917808219178,
    "std": 0.0437619878858048,
    "ci_low": 0.726027397260274,
    "ci_high": 0.8904109589041096
  },
  "recall": {
    "score": 0.821917808219178,
    "std": 0.0437619878858048,
    "ci_low": 0.726027397260274,
    "ci_high": 0.8904109589041096
  }
}