{
  "accuracy": {
    "score": 0.6842105263157895,
    "std": 0.07459251482316691,
    "ci_low": 0.5,
    "ci_high": 0.801885025076594
  },
  "f1": {
    "score": 0.6933333333333334,
    "std": 0.07419800190639193,
    "ci_low": 0.5066666666666667,
    "ci_high": 0.8157894736842105
  },
  "precision": {
    "score": 0.7027027027027027,
    "std": 0.07497430992916279,
    "ci_low": 0.5135135135135135,
    "ci_high": 0.8157894736842105
  },
  "recall": {
    "score": 0.6842105263157895,
    "std": 0.07459251482316691,
    "ci_low": 0.5,
    "ci_high": 0.801885025076594
  }
}