{
  "accuracy": {
    "score": 0.8493150684931506,
    "std": 0.0403617469502152,
    "ci_low": 0.7534246575342466,
    "ci_high": 0.9178082191780822
  },
  "f1": {
    "score": 0.8493150684931506,
    "std": 0.0403617469502152,
    "ci_low": 0.7534246575342466,
    "ci_high": 0.9178082191780822
  },
  "precision": {
    "score": 0.8493150684931506,
    "std": 0.0403617469502152,
    "ci_low": 0.7534246575342466,
    "ci_high": 0.9178082191780822
  },
  "recall": {
    "score": 0.8493150684931506,
    "std": 0.0403617469502152,
    "ci_low": 0.7534246575342466,
    "ci_high": 0.9178082191780822
  }
}