{
  "accuracy": {
    "score": 0.8571428571428571,
    "std": 0.060051117799703686,
    "ci_low": 0.6952534160858346,
    "ci_high": 0.9428571428571428
  },
  "f1": {
    "score": 0.8695652173913043,
    "std": 0.056684153576071976,
    "ci_low": 0.7246376811594203,
    "ci_high": 0.9565217391304348
  },
  "precision": {
    "score": 0.8823529411764706,
    "std": 0.05569512286728377,
    "ci_low": 0.7186440335905854,
    "ci_high": 0.9696969696969697
  },
  "recall": {
    "score": 0.8571428571428571,
    "std": 0.060051117799703686,
    "ci_low": 0.6952534160858346,
    "ci_high": 0.9428571428571428
  }
}