{
  "accuracy": {
    "score": 0.9428571428571428,
    "std": 0.04019486354780989,
    "ci_low": 0.8,
    "ci_high": 1.0
  },
  "f1": {
    "score": 0.9428571428571428,
    "std": 0.04019486354780989,
    "ci_low": 0.8,
    "ci_high": 1.0
  },
  "precision": {
    "score": 0.9428571428571428,
    "std": 0.04019486354780989,
    "ci_low": 0.8,
    "ci_high": 1.0
  },
  "recall": {
    "score": 0.9428571428571428,
    "std": 0.04019486354780989,
    "ci_low": 0.8,
    "ci_high": 1.0
  }
}