{
  "accuracy": {
    "score": 0.7714285714285715,
    "std": 0.0667324796188556,
    "ci_low": 0.6285714285714286,
    "ci_high": 0.8857142857142857
  },
  "f1": {
    "score": 0.7941176470588235,
    "std": 0.06392635500319424,
    "ci_low": 0.6470588235294118,
    "ci_high": 0.8985507246376812
  },
  "precision": {
    "score": 0.8181818181818182,
    "std": 0.06469460313579843,
    "ci_low": 0.6666666666666666,
    "ci_high": 0.9117647058823529
  },
  "recall": {
    "score": 0.7714285714285715,
    "std": 0.0667324796188556,
    "ci_low": 0.6285714285714286,
    "ci_high": 0.8857142857142857
  }
}