{
  "accuracy": {
    "score": 0.7368421052631579,
    "std": 0.07040983455753995,
    "ci_low": 0.5789473684210527,
    "ci_high": 0.8421052631578947
  },
  "f1": {
    "score": 0.7368421052631579,
    "std": 0.07040983455753995,
    "ci_low": 0.5789473684210527,
    "ci_high": 0.8421052631578947
  },
  "precision": {
    "score": 0.7368421052631579,
    "std": 0.07040983455753995,
    "ci_low": 0.5789473684210527,
    "ci_high": 0.8421052631578947
  },
  "recall": {
    "score": 0.7368421052631579,
    "std": 0.07040983455753995,
    "ci_low": 0.5789473684210527,
    "ci_high": 0.8421052631578947
  }
}