{
  "accuracy": {
    "score": 0.7368421052631579,
    "std": 0.07313416591410943,
    "ci_low": 0.5789473684210527,
    "ci_high": 0.868421052631579
  },
  "f1": {
    "score": 0.7368421052631579,
    "std": 0.07313416591410943,
    "ci_low": 0.5789473684210527,
    "ci_high": 0.868421052631579
  },
  "precision": {
    "score": 0.7368421052631579,
    "std": 0.07313416591410943,
    "ci_low": 0.5789473684210527,
    "ci_high": 0.868421052631579
  },
  "recall": {
    "score": 0.7368421052631579,
    "std": 0.07313416591410943,
    "ci_low": 0.5789473684210527,
    "ci_high": 0.868421052631579
  }
}