{
  "accuracy": {
    "score": 0.6842105263157895,
    "std": 0.07384442230173019,
    "ci_low": 0.5263157894736842,
    "ci_high": 0.8157894736842105
  },
  "f1": {
    "score": 0.7027027027027027,
    "std": 0.07242482683691291,
    "ci_low": 0.5405405405405406,
    "ci_high": 0.8266666666666667
  },
  "precision": {
    "score": 0.7222222222222222,
    "std": 0.07353421846651934,
    "ci_low": 0.5558147318078526,
    "ci_high": 0.8529411764705882
  },
  "recall": {
    "score": 0.6842105263157895,
    "std": 0.07384442230173019,
    "ci_low": 0.5263157894736842,
    "ci_high": 0.8157894736842105
  }
}