{
  "accuracy": {
    "score": 0.7671232876712328,
    "std": 0.04697170905159745,
    "ci_low": 0.66838558601212,
    "ci_high": 0.8493150684931506
  },
  "f1": {
    "score": 0.7777777777777778,
    "std": 0.04592550750660397,
    "ci_low": 0.6805555555555556,
    "ci_high": 0.8591549295774648
  },
  "precision": {
    "score": 0.7887323943661971,
    "std": 0.04608781491565361,
    "ci_low": 0.6854487227140625,
    "ci_high": 0.8707806465708252
  },
  "recall": {
    "score": 0.7671232876712328,
    "std": 0.04697170905159745,
    "ci_low": 0.66838558601212,
    "ci_high": 0.8493150684931506
  }
}