{
  "accuracy": {
    "score": 0.6575342465753424,
    "std": 0.05443285693364459,
    "ci_low": 0.5342465753424658,
    "ci_high": 0.7534246575342466
  },
  "f1": {
    "score": 0.6713286713286714,
    "std": 0.05350121721319694,
    "ci_low": 0.555768918890705,
    "ci_high": 0.7671232876712328
  },
  "precision": {
    "score": 0.6857142857142857,
    "std": 0.05369608783492999,
    "ci_low": 0.5694444444444444,
    "ci_high": 0.782608695652174
  },
  "recall": {
    "score": 0.6575342465753424,
    "std": 0.05443285693364459,
    "ci_low": 0.5342465753424658,
    "ci_high": 0.7534246575342466
  }
}