{
  "accuracy": {
    "score": 0.7671232876712328,
    "std": 0.04724136404884923,
    "ci_low": 0.6575342465753424,
    "ci_high": 0.8493150684931506
  },
  "f1": {
    "score": 0.7724137931034483,
    "std": 0.04674034192880332,
    "ci_low": 0.6694083163032436,
    "ci_high": 0.8611111111111112
  },
  "precision": {
    "score": 0.7777777777777778,
    "std": 0.046841536917077584,
    "ci_low": 0.6713458131409983,
    "ci_high": 0.863013698630137
  },
  "recall": {
    "score": 0.7671232876712328,
    "std": 0.04724136404884923,
    "ci_low": 0.6575342465753424,
    "ci_high": 0.8493150684931506
  }
}