{
  "accuracy": {
    "score": 0.8,
    "std": 0.06558567111622758,
    "ci_low": 0.6571428571428571,
    "ci_high": 0.9142857142857143
  },
  "f1": {
    "score": 0.8235294117647058,
    "std": 0.06164816676581351,
    "ci_low": 0.6666666666666666,
    "ci_high": 0.9253731343283582
  },
  "precision": {
    "score": 0.8484848484848485,
    "std": 0.061566152304643317,
    "ci_low": 0.6768637370830091,
    "ci_high": 0.9393939393939394
  },
  "recall": {
    "score": 0.8,
    "std": 0.06558567111622758,
    "ci_low": 0.6571428571428571,
    "ci_high": 0.9142857142857143
  }
}