{
  "accuracy": {
    "score": 0.7397260273972602,
    "std": 0.051614207184633686,
    "ci_low": 0.6164383561643836,
    "ci_high": 0.8289033610881482
  },
  "f1": {
    "score": 0.75,
    "std": 0.05067750570697901,
    "ci_low": 0.6293706293706294,
    "ci_high": 0.8356164383561644
  },
  "precision": {
    "score": 0.7605633802816901,
    "std": 0.050749144954688595,
    "ci_low": 0.6387802045683533,
    "ci_high": 0.8450704225352113
  },
  "recall": {
    "score": 0.7397260273972602,
    "std": 0.051614207184633686,
    "ci_low": 0.6164383561643836,
    "ci_high": 0.8289033610881482
  }
}