{
  "accuracy": {
    "score": 0.8,
    "std": 0.06567302654669996,
    "ci_low": 0.6571428571428571,
    "ci_high": 0.9142857142857143
  },
  "f1": {
    "score": 0.8115942028985508,
    "std": 0.06386362595822981,
    "ci_low": 0.6581486973277612,
    "ci_high": 0.9142857142857143
  },
  "precision": {
    "score": 0.8235294117647058,
    "std": 0.06382863735774508,
    "ci_low": 0.6571428571428571,
    "ci_high": 0.9142857142857143
  },
  "recall": {
    "score": 0.8,
    "std": 0.06567302654669996,
    "ci_low": 0.6571428571428571,
    "ci_high": 0.9142857142857143
  }
}