{
  "accuracy": {
    "score": 0.6285714285714286,
    "std": 0.0857647546732606,
    "ci_low": 0.43218613796746946,
    "ci_high": 0.7714285714285715
  },
  "f1": {
    "score": 0.6376811594202898,
    "std": 0.08510364301315823,
    "ci_low": 0.45714285714285713,
    "ci_high": 0.782608695652174
  },
  "precision": {
    "score": 0.6470588235294118,
    "std": 0.08545919039824963,
    "ci_low": 0.45714285714285713,
    "ci_high": 0.8
  },
  "recall": {
    "score": 0.6285714285714286,
    "std": 0.0857647546732606,
    "ci_low": 0.43218613796746946,
    "ci_high": 0.7714285714285715
  }
}