{
  "accuracy": {
    "score": 0.7945205479452054,
    "std": 0.04595323699671761,
    "ci_low": 0.6986301369863014,
    "ci_high": 0.8767123287671232
  },
  "f1": {
    "score": 0.7945205479452054,
    "std": 0.04595323699671761,
    "ci_low": 0.6986301369863014,
    "ci_high": 0.8767123287671232
  },
  "precision": {
    "score": 0.7945205479452054,
    "std": 0.04595323699671761,
    "ci_low": 0.6986301369863014,
    "ci_high": 0.8767123287671232
  },
  "recall": {
    "score": 0.7945205479452054,
    "std": 0.04595323699671761,
    "ci_low": 0.6986301369863014,
    "ci_high": 0.8767123287671232
  }
}