{
  "accuracy": {
    "score": 0.589041095890411,
    "std": 0.056678499204952104,
    "ci_low": 0.4758671652410505,
    "ci_high": 0.6986301369863014
  },
  "f1": {
    "score": 0.589041095890411,
    "std": 0.056678499204952104,
    "ci_low": 0.4758671652410505,
    "ci_high": 0.6986301369863014
  },
  "precision": {
    "score": 0.589041095890411,
    "std": 0.056678499204952104,
    "ci_low": 0.4758671652410505,
    "ci_high": 0.6986301369863014
  },
  "recall": {
    "score": 0.589041095890411,
    "std": 0.056678499204952104,
    "ci_low": 0.4758671652410505,
    "ci_high": 0.6986301369863014
  }
}