{
  "accuracy": {
    "score": 0.7808219178082192,
    "std": 0.04881534031933341,
    "ci_low": 0.6712328767123288,
    "ci_high": 0.863013698630137
  },
  "f1": {
    "score": 0.7808219178082192,
    "std": 0.04881534031933341,
    "ci_low": 0.6712328767123288,
    "ci_high": 0.863013698630137
  },
  "precision": {
    "score": 0.7808219178082192,
    "std": 0.04881534031933341,
    "ci_low": 0.6712328767123288,
    "ci_high": 0.863013698630137
  },
  "recall": {
    "score": 0.7808219178082192,
    "std": 0.04881534031933341,
    "ci_low": 0.6712328767123288,
    "ci_high": 0.863013698630137
  }
}