{
  "accuracy": {
    "score": 0.7631578947368421,
    "std": 0.06891446004948414,
    "ci_low": 0.6052631578947368,
    "ci_high": 0.868421052631579
  },
  "f1": {
    "score": 0.7631578947368421,
    "std": 0.06891446004948414,
    "ci_low": 0.6052631578947368,
    "ci_high": 0.868421052631579
  },
  "precision": {
    "score": 0.7631578947368421,
    "std": 0.06891446004948414,
    "ci_low": 0.6052631578947368,
    "ci_high": 0.868421052631579
  },
  "recall": {
    "score": 0.7631578947368421,
    "std": 0.06891446004948414,
    "ci_low": 0.6052631578947368,
    "ci_high": 0.868421052631579
  }
}