{
  "accuracy": {
    "score": 0.5263157894736842,
    "std": 0.08269671900742018,
    "ci_low": 0.3684210526315789,
    "ci_high": 0.6842105263157895
  },
  "f1": {
    "score": 0.5263157894736842,
    "std": 0.08269671900742018,
    "ci_low": 0.3684210526315789,
    "ci_high": 0.6842105263157895
  },
  "precision": {
    "score": 0.5263157894736842,
    "std": 0.08269671900742018,
    "ci_low": 0.3684210526315789,
    "ci_high": 0.6842105263157895
  },
  "recall": {
    "score": 0.5263157894736842,
    "std": 0.08269671900742018,
    "ci_low": 0.3684210526315789,
    "ci_high": 0.6842105263157895
  }
}