{
  "accuracy": {
    "score": 0.6571428571428571,
    "std": 0.07849891483741074,
    "ci_low": 0.4857142857142857,
    "ci_high": 0.8
  },
  "f1": {
    "score": 0.6571428571428571,
    "std": 0.07849891483741074,
    "ci_low": 0.4857142857142857,
    "ci_high": 0.8
  },
  "precision": {
    "score": 0.6571428571428571,
    "std": 0.07849891483741074,
    "ci_low": 0.4857142857142857,
    "ci_high": 0.8
  },
  "recall": {
    "score": 0.6571428571428571,
    "std": 0.07849891483741074,
    "ci_low": 0.4857142857142857,
    "ci_high": 0.8
  }
}