{
  "accuracy": {
    "score": 0.8571428571428571,
    "std": 0.06040129873038232,
    "ci_low": 0.6857142857142857,
    "ci_high": 0.9428571428571428
  },
  "f1": {
    "score": 0.8571428571428571,
    "std": 0.06040129873038232,
    "ci_low": 0.6857142857142857,
    "ci_high": 0.9428571428571428
  },
  "precision": {
    "score": 0.8571428571428571,
    "std": 0.06040129873038232,
    "ci_low": 0.6857142857142857,
    "ci_high": 0.9428571428571428
  },
  "recall": {
    "score": 0.8571428571428571,
    "std": 0.06040129873038232,
    "ci_low": 0.6857142857142857,
    "ci_high": 0.9428571428571428
  }
}